Input/landvalue.asc
ncols         373
nrows         336
xllcorner     644205
yllcorner     -753435
cellsize      300
NODATA_value  -9999
[rows 116 to 144 of 336, columns 66 to 131 of 373]
2.90608 3.030266 3.155365 3.279853 3.402302 3.521407 3.635996 3.745052 3.847714 3.943291 4.031273 4.111326 4.183302 4.247241 4.303368 4.352087 4.393984 4.429815 4.460497 4.487104 4.510848 4.533081 4.555279 4.57904 4.60608 4.638237 4.677474 4.716936 4.744162 4.760981 4.769426 4.771507 4.769193 4.764399 4.758967 4.754656 4.753136 4.755976 4.764646 4.780518 4.804874 4.838916 4.88376 4.940365 5.009291 5.090326 5.1824 5.283954 5.393316 5.508829 5.628835 5.751616 5.87535 5.998072 6.117652 6.231982 6.346587 6.466051 6.591672 6.724438 6.864954 7.013401 7.169487 7.33239 7.500721 7.672462
3.003818 3.135497 3.268918 3.402522 3.534825 3.664433 3.790065 3.910569 4.024933 4.132297 4.231963 4.323405 4.406276 4.480412 4.545845 4.602795 4.651682 4.693126 4.727935 4.757114 4.781855 4.803532 4.823698 4.844079 4.866578 4.893267 4.926394 4.958954 4.977917 4.985239 4.983114 4.973734 4.959264 4.941819 4.923448 4.906116 4.891695 4.881954 4.878548 4.883023 4.896801 4.921174 4.957264 5.00593 5.067602 5.142112 5.22868 5.326076 5.432828 5.54733 5.66785 5.792511 5.919249 6.045789 6.169635 6.288274 6.407212 6.531074 6.661071 6.798093 6.942657 7.094858 7.254325 7.420173 7.590958 7.764616
3.096161 3.235089 3.376637 3.519237 3.661356 3.801532 3.93838 4.07062 4.197087 4.31675 4.42872 4.532266 4.62683 4.712034 4.787697 4.853846 4.910719 4.958781 4.998724 5.031471 5.058178 5.080234 5.099257 5.117095 5.135817 5.15772 5.185325 5.211493 5.222673 5.220942 5.208647 5.188154 5.161813 5.131933 5.100761 5.070459 5.043093 5.020617 5.004865 4.997536 5.000179 5.01417 5.040658 5.080487 5.134094 5.201423 5.281926 5.374644 5.478305 5.591393 5.712151 5.838562 5.96832 6.098819 6.227159 6.350379 6.473924 6.602435 6.737008 6.878411 7.027045 7.182896 7.345498 7.513889 7.68656 7.8614
3.181272 3.327136 3.476548 3.627946 3.779776 3.93051 4.078676 4.222873 4.361787 4.49421 4.61906 4.735391 4.84242 4.939541 5.026348 5.102649 5.168489 5.224164 5.270229 5.307517 5.337135 5.360478 5.379218 5.39531 5.410985 5.428752 5.451385 5.471642 5.475509 5.465172 5.443128 5.411903 5.374028 5.331992 5.288227 5.245083 5.204804 5.16952 5.141225 5.121763 5.112804 5.115813 5.132001 5.16227 5.20714 5.266709 5.340654 5.428264 5.528479 5.639905 5.760796 5.889009 6.021989 6.156768 6.289996 6.418213 6.546762 6.680271 6.819691 6.965642 7.118387 7.277783 7.443256 7.613761 7.78773 7.963021
3.257272 3.409689 3.566628 3.726556 3.887909 4.04912 4.208639 4.36495 4.516596 4.662194 4.800457 4.930221 5.050461 5.160327 5.259168 5.346559 5.422326 5.48658 5.539727 5.582491 5.615924 5.641412 5.660676 5.675769 5.689075 5.703301 5.721468 5.736257 5.733254 5.714757 5.683399 5.641862 5.592839 5.538991 5.482922 5.42715 5.374088 5.326024 5.2851 5.253298 5.232406 5.223995 5.22937 5.249535 5.285145 5.336483 5.403457 5.485612 5.582126 5.691774 5.812853 5.94311 6.079712 6.219277 6.357948 6.491713 6.625769 6.764705 6.909295 7.059989 7.216883 7.379696 7.547739 7.719881 7.894513 8.069497
3.322292 3.480798 3.644847 3.812953 3.983567 4.155098 4.325929 4.494445 4.65905 4.818183 4.970355 5.114163 5.248334 5.371751 5.483496 5.582887 5.669514 5.743279 5.804422 5.853547 5.891635 5.920061 5.940583 5.955352 5.966897 5.978115 5.99226 6.001977 5.992527 5.966309 5.926088 5.874693 5.814966 5.749725 5.681728 5.613647 5.548046 5.487355 5.433857 5.389661 5.356679 5.336598 5.330847 5.340561 5.36656 5.409328 5.469021 5.545461 5.63811 5.74598 5.867466 6.000201 6.141021 6.286057 6.430874 6.570843 6.710989 6.855831 7.005939 7.161567 7.322628 7.488685 7.65893 7.832161 8.006749 8.180596
3.37452 3.538565 3.709216 3.885061 4.064583 4.246187 4.428211 4.608951 4.786676 4.959655 5.126184 5.284617 5.43341 5.571158 5.696653 5.808927 5.90731 5.991472 6.061468 6.117766 6.161273 6.19334 6.215769 6.230801 6.241107 6.249771 6.260275 6.265266 6.24976 6.216257 6.167647 6.106891 6.03697 5.960837 5.881391 5.801436 5.723671 5.650655 5.584797 5.528333 5.483299 5.451511 5.434536 5.433665 5.449898 5.483931 5.53617 5.606732 5.69543 5.801625 5.923903 6.059759 6.205592 6.356936 6.5087 6.655591 6.80244 6.953681 7.109649 7.270373 7.435566 7.604625 7.776622 7.950293 8.124018 8.295792
3.412266 3.581199 3.757843 3.94088 4.128856 4.320191 4.513198 4.706095 4.897032 5.084104 5.265391 5.438992 5.603067 5.755903 5.895967 6.021976 6.132968 6.228355 6.307988 6.372187 6.421776 6.458086 6.482961 6.498736 6.508231 6.514712 6.521883 6.522445 6.501249 6.460901 6.404402 6.334836 6.255301 6.168875 6.07857 5.98731 5.897904 5.813026 5.735203 5.666789 5.609949 5.566638 5.538575 5.527221 5.533766 5.559119 5.603921 5.668582 5.753316 5.858024 5.981669 6.121522 6.273324 6.431888 6.591419 6.745934 6.900076 7.058173 7.220297 7.386224 7.555443 7.727171 7.900362 8.073705 8.245617 8.41423
3.434025 3.607075 3.788984 3.978552 4.174409 4.375019 4.578688 4.783581 4.987733 5.189075 5.385465 5.574729 5.754717 5.923368 6.078794 6.219356 6.343761 6.451137 6.541105 6.613828 6.670045 6.711074 6.738808 6.755692 6.764694 6.769274 6.773354 6.769733 6.7432 6.696455 6.632607 6.554843 6.466367 6.370354 6.269911 6.168055 6.067689 5.971586 5.882377 5.80253 5.734344 5.679919 5.64114 5.619656 5.616859 5.633871 5.671551 5.730544 5.811418 5.914865 6.040713 6.185652 6.344398 6.51101 6.67902 6.84176 7.003697 7.169034 7.337538 7.508698 7.681749 7.855711 8.029418 8.201527 8.370523 8.534722
3.438539 3.614812 3.801122 3.996421 4.19945 4.408742 4.622627 4.839232 5.0565 5.272201 5.483969 5.689343 5.885834 6.071002 6.24255 6.398443 6.537012 6.657062 6.757963 6.839712 6.902967 6.949045 6.979912 6.998136 7.006854 7.009726 7.010888 7.003298 6.971774 6.919107 6.848504 6.763237 6.666593 6.561819 6.452095 6.340506 6.230028 6.123514 6.023685 5.933123 5.854254 5.789339 5.740445 5.709432 5.697918 5.707263 5.738555 5.792634 5.870231 5.972661 6.101925 6.252878 6.419185 6.594364 6.771327 6.942719 7.112825 7.285686 7.460713 7.637053 7.813651 7.98931 8.162735 8.332561 8.497375 8.655716
3.424881 3.603335 3.793035 3.993107 4.202437 4.419662 4.64316 4.871053 5.101207 5.331246 5.558578 5.780444 5.993984 6.196332 6.384738 6.556703 6.710126 6.843448 6.955763 7.046896 7.117435 7.168731 7.202846 7.222506 7.231036 7.232306 7.230675 7.219312 7.183156 7.12509 7.048397 6.956417 6.852492 6.739918 6.621917 6.501618 6.382044 6.266108 6.156609 6.05623 5.967533 5.892942 5.834734 5.795004 5.775642 5.7783 5.804369 5.855001 5.931255 6.034812 6.167381 6.323984 6.497763 6.681608 6.86773 7.048018 7.22655 7.407136 7.588756 7.770153 7.949938 8.126663 8.298895 8.465256 8.624461 8.775321
3.392521 3.571965 3.763877 3.967591 4.182172 4.40639 4.638716 4.877294 5.119944 5.364159 5.60713 5.845782 6.076858 6.297016 6.50298 6.691716 6.860622 7.007718 7.131791 7.232497 7.310388 7.366881 7.404191 7.425239 7.433572 7.433281 7.428952 7.414013 7.373626 7.310751 7.228727 7.130936 7.02075 6.901477 6.776359 6.648533 6.521044 6.396844 6.278791 6.169662 6.072147 5.988851 5.922271 5.874779 5.848582 5.845688 5.86788 5.91673 5.993711 6.100243 6.236325 6.39813 6.579101 6.771536 6.966892 7.156232 7.343384 7.531853 7.720102 7.906401 8.088964 8.266057 8.436091 8.597686 8.749711 8.891295
3.341413 3.520497 3.713269 3.919304 4.137876 4.367938 4.608087 4.856534 5.111086 5.369137 5.627668 5.883289 6.13231 6.370857 6.595048 6.801218 6.986169 7.147427 7.283445 7.39372 7.478816 7.540283 7.580558 7.602812 7.610847 7.608996 7.602062 7.583789 7.539643 7.472644 7.386162 7.283594 7.168303 7.043588 6.912665 6.778654 6.644592 6.513441 6.388097 6.271418 6.166218 6.075284 6.001355 5.947102 5.915088 5.907722 5.927203 5.975485 6.054183 6.164226 6.304822 6.472386 6.660714 6.861838 7.06657 7.265159 7.461155 7.657695 7.852632 8.043686 8.228611 8.405342 8.572114 8.727549 8.870704 9.001077
3.272078 3.449298 3.641401 3.84823 4.069313 4.303824 4.550535 4.807776 5.073389 5.344701 5.618516 5.891128 6.158393 6.415843 6.658895 6.883125 7.084616 7.260304 7.408268 7.527879 7.619787 7.685787 7.72862 7.751783 7.759367 7.755955 7.746557 7.725268 7.677942 7.607628 7.517702 7.411532 7.292447 7.163692 7.028429 6.889722 6.750572 6.613917 6.48267 6.359744 6.24807 6.15061 6.070354 6.010287 5.973352 5.962368 5.97994 6.028319 6.109165 6.223076 6.368856 6.542883 6.739057 6.949219 7.163643 7.371809 7.576986 7.781873 7.983635 8.17936 8.366274 8.541924 8.704348 8.852173 8.984679 9.101797
3.18569 3.359402 3.549132 3.755025 3.976899 4.214197 4.465924 4.730578 5.006098 5.289802 5.578353 5.867758 6.153404 6.430175 6.692673 6.935561 7.154023 7.344271 7.503965 7.632404 7.730462 7.80032 7.845153 7.868849 7.875826 7.87091 7.859289 7.835438 7.785656 7.712995 7.620787 7.512347 7.390924 7.259678 7.121676 6.9799 6.837269 6.696669 6.560997 6.433196 6.31629 6.213407 6.12778 6.062716 6.021536 6.007474 6.023526 6.072218 6.155282 6.273169 6.424474 6.605476 6.810012 7.029692 7.254279 7.472508 7.687343 7.900986 8.109835 8.310259 8.498873 8.672781 8.829787 8.968535 9.088569 9.190323
3.084158 3.252604 3.438107 3.641136 3.861843 4.099986 4.354857 4.625196 4.909099 5.203948 5.506333 5.812016 6.115936 6.412292 6.694756 6.956872 7.192681 7.397466 7.568407 7.704843 7.808084 7.88091 7.927076 7.950933 7.957226 7.950996 7.937566 7.911789 7.860463 7.786592 7.693433 7.584204 7.462039 7.329979 7.190961 7.047845 6.903438 6.760533 6.621975 6.490702 6.369802 6.262543 6.172385 6.102947 6.05793 6.040982 6.055495 6.104306 6.189305 6.310956 6.467782 6.655976 6.869237 7.098885 7.334157 7.563042 7.788146 8.011093 8.227432 8.432724 8.62288 8.794487 8.945075 9.073301 9.179031 9.263296
2.970207 3.131561 3.310864 3.508938 3.726295 3.963059 4.218869 4.49277 4.783102 5.087389 5.402235 5.723239 6.044953 6.360896 6.663718 6.945611 7.199109 7.418238 7.599612 7.742824 7.849964 7.924708 7.971538 7.995298 8.001024 7.993906 7.979324 7.952497 7.900746 7.826993 7.734374 7.625969 7.504775 7.373672 7.235445 7.092795 6.948376 6.804856 6.664978 6.531636 6.407938 6.297262 6.203264 6.129858 6.081119 6.061121 6.073681 6.122015 6.208286 6.333112 6.495072 6.690318 6.912397 7.152297 7.398713 7.638866 7.874916 8.107821 8.332193 8.542679 8.734381 8.903272 9.046545 9.162877 9.252509 9.317193
2.847447 2.999878 3.170957 3.361864 3.573505 3.806409 4.060618 4.335554 4.62988 4.941356 5.266697 5.601454 5.939905 6.274981 6.598302 6.900473 7.172007 7.405107 7.595675 7.74397 7.853452 7.929043 7.976051 7.999755 8.005367 7.998118 7.983351 7.956621 7.905797 7.833663 7.743206 7.637344 7.518899 7.390583 7.254992 7.11464 6.971996 6.829555 6.689917 6.555878 6.43052 6.317278 6.219972 6.142781 6.09015 6.066593 6.076406 6.123266 6.209739 6.336741 6.503026 6.704777 6.935407 7.185567 7.443388 7.695314 7.942952 8.186496 8.419538 8.635695 8.829131 8.995073 9.130298 9.233468 9.305288 9.348386
2.720419 2.862182 3.023039 3.204534 3.407979 3.634341 3.884117 4.15717 4.452563 4.768377 5.101544 5.447686 5.800968 6.153934 6.49734 6.820127 7.110121 7.356634 7.554562 7.70574 7.815916 7.891579 7.938762 7.962969 7.969408 7.963201 7.949567 7.924362 7.876013 7.807138 7.720548 7.618985 7.505086 7.381372 7.25024 7.113991 6.974876 6.835177 6.697297 6.56388 6.437921 6.322858 6.222624 6.141635 6.084687 6.056755 6.062672 6.106677 6.191873 6.319622 6.488977 6.696241 6.934722 7.19475 7.463896 7.727838 7.987528 8.242301 8.484661 8.707086 8.902635 9.065625 9.192266 9.281173 9.333589 9.35323
2.594217 2.723756 2.872535 3.042448 3.235216 3.452268 3.694592 3.962552 4.255676 4.57244 4.910062 5.264333 5.629451 5.997835 6.359801 6.703018 7.01212 7.271408 7.474058 7.625605 7.735355 7.811209 7.859462 7.885497 7.894299 7.890769 7.879924 7.857912 7.813741 7.749847 7.668857 7.57333 7.465725 7.348364 7.223437 7.093016 6.959108 6.823737 6.689062 6.55751 6.431926 6.315685 6.212779 6.127814 6.06592 6.032548 6.033123 6.072554 6.154625 6.281298 6.452058 6.663404 6.908591 7.177631 7.457573 7.733367 8.005232 8.271593 8.523838 8.753199 8.951455 9.111762 9.229548 9.303274 9.334822 9.329278
2.467561 2.583378 2.718303 2.874568 3.0543 3.259411 3.491427 3.751269 4.038994 4.353521 4.692383 5.051536 5.425229 5.805885 6.18382 6.546469 6.876271 7.148756 7.353089 7.503996 7.614561 7.692827 7.744652 7.774999 7.788526 7.789879 7.783873 7.767031 7.729042 7.672138 7.598748 7.511238 7.411874 7.302779 7.185918 7.063118 6.936109 6.806618 6.676501 6.547912 6.423476 6.306455 6.200847 6.111419 6.043629 6.003428 5.996909 6.029788 6.106704 6.230401 6.400935 6.615067 6.865983 7.143358 7.433694 7.721251 8.005508 8.283993 8.546972 8.784336 8.986337 9.144606 9.253404 9.310832 9.319512 9.286344
2.339315 2.439909 2.559193 2.699704 2.863976 3.054419 3.273141 3.521694 3.800739 4.109684 4.446357 4.806777 5.18507 5.573449 5.962111 6.338737 6.68662 6.973134 7.177982 7.332492 7.448805 7.53393 7.593158 7.631121 7.652246 7.661017 7.66211 7.65255 7.622832 7.574975 7.51119 7.43365 7.344416 7.245407 7.138358 7.024832 6.906254 6.784011 6.6596 6.534831 6.412054 6.294356 6.185706 6.091 6.016011 5.967208 5.951434 5.975353 6.044678 6.163167 6.331606 6.547047 6.802543 7.08734 7.387362 7.686229 7.982717 8.273551 8.547967 8.794471 9.00153 9.158736 9.258562 9.298317 9.281473 9.217417
2.210322 2.294311 2.396254 2.518959 2.66534 2.838311 3.040614 3.274519 3.541404 3.841245 4.172143 4.530019 4.90855 5.299255 5.69149 6.071891 6.422182 6.714766 6.936586 7.105694 7.235215 7.332695 7.403625 7.452697 7.484357 7.503072 7.513486 7.513252 7.493784 7.456873 7.40452 7.338688 7.261248 7.173907 7.078175 6.975339 6.866499 6.752657 6.634886 6.514587 6.393766 6.27529 6.163063 6.062078 5.978393 5.918983 5.891473 5.903629 5.962498 6.073158 6.23732 6.452314 6.710879 7.001655 7.309938 7.618807 7.926436 8.228947 8.5148 8.77125 8.984784 9.142318 9.233512 9.25405 9.208306 9.109262
2.082035 2.148262 2.231385 2.334428 2.460633 2.613404 2.796156 3.011999 3.263211 3.550504 3.87229 4.224226 4.599208 4.987656 5.377706 5.754938 6.101743 6.399574 6.640068 6.829495 6.977508 7.091687 7.177874 7.241024 7.285747 7.316606 7.338292 7.349181 7.341685 7.317365 7.277995 7.225338 7.16107 7.0867 7.003513 6.912529 6.814504 6.710013 6.599639 6.484291 6.365566 6.246081 6.12966 6.021373 5.927507 5.855468 5.81363 5.810951 5.856137 5.956038 6.113575 6.326224 6.586027 6.880704 7.194864 7.511215 7.827497 8.139547 8.435524 8.701834 8.923077 9.082821 9.166348 9.166016 9.086962 8.947735
1.956401 2.004052 2.067248 2.149143 2.253228 2.383336 2.543566 2.738012 2.970135 3.241718 3.551652 3.895202 4.264166 4.647656 5.032821 5.405266 5.749773 6.052991 6.308195 6.516777 6.68434 6.817041 6.92044 6.99954 7.059062 7.10366 7.138094 7.161506 7.167333 7.156887 7.131706 7.093347 7.043292 6.982864 6.913142 6.834892 6.748525 6.654152 6.551785 6.441734 6.325132 6.204349 6.083166 5.966731 5.861486 5.775117 5.716563 5.695938 5.723938 5.809932 5.958544 6.167029 6.425956 6.721673 7.038092 7.357822 7.67838 7.995713 8.298301 8.572495 8.801687 8.965895 9.043835 9.021055 8.90267 8.71665
1.835705 1.864429 1.907113 1.96695 2.047557 2.153067 2.288194 2.45812 2.667896 2.920986 3.217161 3.551118 3.9131 4.290702 4.670379 5.038339 5.381518 5.689361 5.955936 6.18051 6.365961 6.516716 6.637551 6.733184 6.808258 6.867432 6.915484 6.952312 6.972352 6.976635 6.966444 6.943113 6.90793 6.862044 6.806353 6.741402 6.667286 6.583627 6.489757 6.385248 6.270702 6.148325 6.021985 5.896963 5.779775 5.678159 5.601261 5.559985 5.567162 5.635937 5.773727 5.97657 6.232111 6.524926 6.838465 7.15562 7.473861 7.789518 8.091994 8.368608 8.603099 8.773258 8.849447 8.803286 8.636761 8.395933
1.722376 1.732373 1.754633 1.792292 1.848943 1.928815 2.037012 2.179735 2.364056 2.596198 2.877653 3.202133 3.557369 3.929076 4.303238 4.666875 5.008618 5.319623 5.594514 5.831589 6.032069 6.198949 6.336076 6.447659 6.538085 6.61189 6.67379 6.72437 6.759009 6.77841 6.783566 6.775566 6.7555 6.724343 6.682847 6.631388 6.569813 6.49728 6.412318 6.313504 6.20083 6.07658 5.944985 5.811568 5.682854 5.566415 5.471156 5.407964 5.391055 5.439047 5.565132 5.761158 6.009727 6.294081 6.597878 6.904674 7.211869 7.516107 7.807873 8.076106 8.306742 8.479214 8.558539 8.490392 8.261651 7.95922
1.618747 1.610825 1.613517 1.629843 1.663248 1.717815 1.798646 1.912486 2.068458 2.277254 2.544097 2.860447 3.209587 3.575158 3.943154 4.301651 4.640723 4.952761 5.232865 5.4789 5.691098 5.871386 6.022756 6.148825 6.253603 6.341392 6.41676 6.480896 6.53002 6.564457 6.584868 6.592071 6.586931 6.570251 6.54265 6.504409 6.455243 6.393988 6.318291 6.225228 6.114031 5.987671 5.85118 5.710381 5.571758 5.442641 5.331515 5.2486 5.207352 5.230582 5.345931 5.531986 5.767145 6.035322 6.320971 6.608364 6.89443 7.175601 7.442848 7.686112 7.89348 8.048903 8.124346 8.041574 7.72891 7.375457
1.526803 1.502353 1.487107 1.483979 1.496227 1.527658 1.583004 1.668689 1.794555 1.977092 2.230861 2.54088 2.883244 3.240785 3.600479 3.951714 4.285826 4.596155 4.878205 5.129651 5.350105 5.540722 5.703764 5.842266 5.959804 6.060369 6.148314 6.225327 6.288361 6.33731 6.372463 6.394322 6.403498 6.400597 6.386101 6.360222 6.322673 6.272271 6.206085 6.118714 6.008236 5.879837 5.739543 5.593285 5.44746 5.309294 5.187185 5.091293 5.035083 5.041362 5.137033 5.301421 5.512988 5.755736 6.014307 6.273205 6.528239 6.774828 7.003348 7.202959 7.360778 7.459771 7.471851 7.325389 6.976072 6.634561
