Input/landvalue.asc
ncols         373
nrows         336
xllcorner     644205
yllcorner     -753435
cellsize      300
NODATA_value  -9999
[rows 145 to 173 of 336, columns 132 to 197 of 373]
5.655128 5.559518 5.498582 5.463782 5.450666 5.456622 5.480037 5.519887 5.575513 5.64647 5.732412 5.832996 5.947783 6.076153 6.217208 6.369688 6.531876 6.701514 6.875247 7.051488 7.23674 7.436976 7.65681 7.899603 8.167572 8.461929 8.783026 9.13051 9.503479 9.900624 10.32038 10.76107 11.22103 11.69883 12.19355 12.70522 13.23544 13.78762 14.36539 14.96702 15.5783 16.17321 16.72195 17.19833 17.58374 17.86906 18.05534 18.15502 18.17431 18.11075 17.9662 17.74532 17.45432 17.10001 16.68925 16.22847 15.72346 15.17917 14.59975 13.98861 13.34866 12.68263 11.99349 11.28491 10.56178 9.830814
4.983472 4.946241 4.932744 4.93657 4.954855 4.986135 5.029607 5.084834 5.151583 5.229733 5.319201 5.419869 5.53153 5.653811 5.78611 5.927529 6.076806 6.232241 6.391313 6.553298 6.723886 6.908229 7.110321 7.333089 7.578507 7.847715 8.141171 8.458785 8.800078 9.164325 9.550683 9.958303 10.38644 10.83452 11.30232 11.79007 12.29856 12.82872 13.37991 13.94675 14.51621 15.06818 15.5796 16.0293 16.40166 16.68861 16.89058 17.01907 17.07898 17.06432 16.97374 16.80922 16.57484 16.27586 15.91802 15.50706 15.0484 14.54698 14.00717 13.43289 12.82771 12.19515 11.53903 10.8638 10.17503 9.479897
4.42611 4.409732 4.42108 4.449152 4.489174 4.538958 4.597478 4.664277 4.73919 4.822202 4.913357 5.01269 5.120174 5.235661 5.35883 5.489138 5.625759 5.767536 5.912726 6.061341 6.218249 6.387793 6.573343 6.77739 7.001641 7.247148 7.514437 7.803661 8.114745 8.447535 8.801909 9.177882 9.575622 9.995417 10.43758 10.90231 11.38938 11.89756 12.42345 12.95979 13.49443 14.01087 14.49079 14.9172 15.27731 15.56438 15.77874 15.93159 16.02709 16.05645 16.01555 15.90395 15.72373 15.47861 15.17321 14.81256 14.40169 13.94548 13.44852 12.91515 12.34956 11.75601 11.1391 10.50408 9.857265 9.206466
3.966949 3.953355 3.972553 4.011549 4.063264 4.123976 4.191755 4.265638 4.345196 4.430295 4.520962 4.617286 4.719357 4.827213 4.940785 5.059857 5.184018 5.31262 5.44464 5.580667 5.724761 5.880468 6.050548 6.237047 6.441394 6.664524 6.907004 7.169182 7.451343 7.753857 8.077305 8.422549 8.790699 9.182925 9.600116 10.04241 10.50866 10.99595 11.49893 12.00921 12.51523 13.00285 13.45707 13.86418 14.21385 14.50073 14.72542 14.89921 15.026 15.09482 15.09926 15.03677 14.90765 14.71415 14.45985 14.14903 13.78638 13.37666 12.92464 12.43504 11.9126 11.36224 10.7893 10.19977 9.600668 9.000432
3.578147 3.564461 3.583972 3.625425 3.681094 3.746173 3.81781 3.894382 3.975032 4.059366 4.14728 4.238842 4.334203 4.433542 4.537008 4.644683 4.756542 4.872412 4.991911 5.116049 5.248085 5.390807 5.546375 5.716398 5.902019 6.104028 6.322996 6.55941 6.813848 7.087125 7.380453 7.695515 8.034399 8.399296 8.791862 9.212382 9.659002 10.12734 10.61048 11.09915 11.5821 12.04678 12.48059 12.87234 13.21377 13.50084 13.73464 13.92675 14.08117 14.18525 14.23076 14.21339 14.13187 13.98718 13.78187 13.51959 13.20461 12.84161 12.43548 11.99125 11.51415 11.00968 10.48379 9.943105 9.395179 8.848811
3.242797 3.230236 3.248114 3.287963 3.342764 3.407447 3.478616 3.554121 3.632681 3.713614 3.796647 3.881778 3.969185 4.059153 4.152024 4.24815 4.347856 4.451407 4.55899 4.671865 4.792514 4.923009 5.06494 5.219491 5.387518 5.569653 5.766426 5.978408 6.206374 6.451481 6.71545 7.000702 7.310342 7.647802 8.015929 8.41557 8.84433 9.296363 9.763149 10.23448 10.69921 11.14597 11.56391 11.94383 12.2792 12.56716 12.80931 13.0177 13.19656 13.33202 13.41446 13.43814 13.40045 13.30125 13.14223 12.92639 12.65768 12.34062 11.98021 11.58172 11.15078 10.69335 10.21587 9.725428 9.229873 8.738034
2.951723 2.941732 2.958174 2.995014 3.04645 3.107745 3.175386 3.246939 3.320833 3.396153 3.472468 3.549706 3.628061 3.707911 3.78977 3.874234 3.961954 4.053592 4.149833 4.252012 4.361879 4.480835 4.609943 4.74999 4.901554 5.065104 5.241103 5.430148 5.63312 5.851382 6.086992 6.342933 6.623263 6.93292 7.276623 7.656519 8.069803 8.508713 8.962731 9.420576 9.871159 10.30401 10.70976 11.08078 11.41196 11.7015 11.95148 12.17441 12.37485 12.53811 12.65347 12.71408 12.71623 12.65886 12.54289 12.37077 12.14612 11.87332 11.55742 11.20388 10.81862 10.40794 9.978647 9.538054 9.094114 8.65543
2.69973 2.693244 2.708982 2.742676 2.78973 2.846013 2.908195 2.973801 3.04113 3.10913 3.177271 3.245443 3.313863 3.383003 3.453541 3.526304 3.602241 3.682383 3.767834 3.859846 3.959476 4.067527 4.184585 4.311079 4.447339 4.593679 4.750491 4.918359 5.098206 5.291466 5.500326 5.72804 5.979326 6.260675 6.579648 6.941165 7.342031 7.771307 8.215788 8.663176 9.102593 9.524486 9.920739 10.28505 10.61349 10.90509 11.16241 11.3983 11.61771 11.80535 11.94975 12.04316 12.08106 12.06157 11.98499 11.85332 11.66984 11.43883 11.16532 10.85491 10.5137 10.14824 9.765498 9.372896 8.978289 8.589899
2.483631 2.481117 2.496854 2.52776 2.570235 2.6208 2.67647 2.734899 2.794398 2.853886 2.912807 2.971057 3.028903 3.086928 3.145971 3.207084 3.271495 3.340574 3.415778 3.498117 3.588016 3.685751 3.791499 3.905382 4.027528 4.158127 4.297522 4.446292 4.605372 4.776201 4.96093 5.162753 5.386458 5.639428 5.932782 6.277501 6.669786 7.092516 7.529457 7.967983 8.397862 8.810539 9.199005 9.558046 9.88466 10.17856 10.44262 10.68997 10.92583 11.1346 11.30425 11.42639 11.49582 11.51009 11.46895 11.374 11.22827 11.03591 10.80191 10.53195 10.23223 9.909398 9.570491 9.222879 8.874194 8.532189
2.301261 2.30287 2.319139 2.347747 2.385849 2.430557 2.47928 2.529899 2.580844 2.631093 2.680136 2.727924 2.774812 2.821511 2.86903 2.918642 2.971843 3.030316 3.095809 3.168943 3.249576 3.337544 3.432687 3.534888 3.644123 3.760519 3.884414 4.016434 4.157572 4.309301 4.473736 4.653885 4.85414 5.081339 5.348034 5.677803 6.065276 6.48187 6.910644 7.33991 7.760391 8.164437 8.545924 8.900447 9.225679 9.521801 9.791893 10.04917 10.29908 10.52584 10.71705 10.86388 10.96065 11.00441 10.99454 10.93229 10.82048 10.66313 10.46518 10.23232 9.970769 9.687205 9.388609 9.08219 8.775258 8.475046
2.150932 2.156627 2.173794 2.200583 2.234691 2.273726 2.315475 2.35809 2.400183 2.440857 2.479706 2.516785 2.552571 2.58792 2.624029 2.66239 2.704756 2.753104 2.809414 2.873785 2.945583 3.024292 3.109493 3.200899 3.298403 3.402132 3.512495 3.630243 3.756528 3.892991 4.041886 4.206306 4.390607 4.601362 4.850349 5.166224 5.542707 5.947338 6.364118 6.781925 7.19197 7.587114 7.961756 8.311991 8.635905 8.933934 9.209213 9.474889 9.736509 9.978217 10.18744 10.35502 10.47495 10.54393 10.56104 10.52728 10.44529 10.31896 10.15318 9.953596 9.726414 9.478229 9.215898 8.946384 8.676615 8.413271
2.031116 2.04076 2.05906 2.084445 2.114998 2.148714 2.183721 2.218445 2.251708 2.282784 2.311413 2.33779 2.36254 2.386693 2.411638 2.43909 2.471051 2.509776 2.557421 2.613446 2.676801 2.746712 2.822579 2.904013 2.990892 3.083407 3.182117 3.287987 3.402444 3.527445 3.665605 3.820448 3.996909 4.202433 4.449067 4.751186 5.104817 5.489964 5.890256 6.293998 6.692224 7.077854 7.445464 7.791355 8.113784 8.413245 8.692794 8.965335 9.236399 9.490163 9.713967 9.898499 10.03751 10.12749 10.16728 10.15773 10.10132 10.00185 9.864137 9.693759 9.496843 9.279871 9.049501 8.812407 8.575093 8.343678
1.940245 1.953645 1.973219 1.997552 2.02499 2.053825 2.082477 2.109627 2.134319 2.156015 2.174628 2.19052 2.20449 2.21775 2.231894 2.248861 2.270896 2.300513 2.339999 2.38807 2.44334 2.504867 2.571941 2.644139 2.721375 2.803965 2.892676 2.988763 3.094008 3.210769 3.342096 3.491959 3.665643 3.870265 4.114558 4.404967 4.73836 5.102727 5.484693 5.872981 6.258557 6.634272 6.994689 7.336126 7.656821 7.957184 8.240058 8.517975 8.796323 9.059396 9.294544 9.492391 9.646579 9.75346 9.811751 9.822179 9.787133 9.710328 9.596512 9.451181 9.280359 9.090366 8.887634 8.678515 8.469085 8.264923
1.876564 1.893503 1.914426 1.937998 1.962739 1.987167 2.00994 2.029969 2.046512 2.059227 2.068212 2.07401 2.077607 2.080409 2.084219 2.091197 2.103825 2.124859 2.156672 2.197154 2.244666 2.298178 2.356941 2.42054 2.488966 2.562694 2.64274 2.730691 2.828709 2.939546 3.066593 3.213999 3.386798 3.590809 3.831652 4.112166 4.429569 4.775749 5.140398 5.513565 5.88664 6.252567 6.605897 6.94288 7.261641 7.562394 7.847689 8.12956 8.413172 8.682992 8.926463 9.13423 9.299913 9.419821 9.492613 9.518961 9.501198 9.442986 9.349001 9.22466 9.075857 8.908738 8.729491 8.544141 8.358353 8.177214
1.838036 1.85828 1.88058 1.903629 1.926061 1.946562 1.96398 1.977428 1.986359 1.990626 1.990511 1.986745 1.980504 1.973394 1.967424 1.964972 1.968743 1.981724 2.006331 2.039568 2.079622 2.125458 2.176339 2.231887 2.292185 2.357875 2.430236 2.511197 2.603295 2.709607 2.83371 2.979651 3.151849 3.35472 3.59175 3.863995 4.168843 4.50019 4.84992 5.209526 5.571124 5.927955 6.274635 6.607358 6.924087 7.224789 7.511667 7.796178 8.083201 8.357429 8.606458 8.821031 8.994827 9.124183 9.207768 9.246254 9.241959 9.198514 9.120545 9.013382 8.882787 8.734721 8.575128 8.409719 8.243781 8.081981
1.822258 1.845558 1.869224 1.891944 1.912422 1.929464 1.942074 1.949532 1.95147 1.947918 1.939342 1.926654 1.911219 1.894837 1.879718 1.868449 1.863944 1.869402 1.887249 1.913564 1.946446 1.984929 2.028331 2.076324 2.129059 2.187322 2.252644 2.327303 2.414195 2.516658 2.638322 2.782965 2.954304 3.155588 3.388904 3.654326 3.94933 4.268923 4.606443 4.954589 5.306249 5.655067 5.995806 6.324629 6.639341 6.939638 7.227348 7.513305 7.802079 8.078622 8.330745 8.549348 8.728232 8.863826 8.954873 9.002091 9.007826 8.975702 8.910307 8.816888 8.701077 8.568656 8.425325 8.276506 8.127155 7.981572
1.826404 1.852491 1.877473 1.900015 1.918858 1.932894 1.941246 1.943338 1.938954 1.928288 1.911974 1.891099 1.867205 1.842275 1.818709 1.799286 1.787114 1.78558 1.797093 1.816793 1.842781 1.874235 1.91057 1.951498 1.997182 2.048476 2.107141 2.17582 2.257787 2.356607 2.475882 2.619058 2.789201 2.988652 3.218567 3.478421 3.765728 4.076144 4.403964 4.742795 5.086207 5.428257 5.763893 6.089272 6.402051 6.701652 6.989519 7.275856 7.564924 7.841972 8.095058 8.315294 8.496658 8.635725 8.731362 8.78438 8.797182 8.773415 8.717638 8.635025 8.531077 8.4114 8.281464 8.146423 8.010938 7.87901
1.84717 1.875746 1.901954 1.924424 1.941912 1.953371 1.958014 1.955379 1.945383 1.928365 1.905108 1.876859 1.845322 1.812648 1.781406 1.754546 1.735346 1.727357 1.732941 1.746318 1.765681 1.790437 1.820151 1.854561 1.893738 1.938461 1.99066 2.053429 2.130496 2.225649 2.342416 2.483893 2.652575 2.850111 3.077004 3.332334 3.613617 3.916904 4.237124 4.568543 4.90528 5.241758 5.573105 5.895488 6.206424 6.505064 6.792473 7.078241 7.366361 7.642397 7.894685 8.114583 8.296288 8.436569 8.53446 8.5909 8.608382 8.590585 8.542058 8.467896 8.37348 8.264232 8.145405 8.021904 7.898125 7.777818
1.880729 1.911453 1.938753 1.961213 1.977591 1.986873 1.988343 1.981629 1.966761 1.944197 1.914854 1.880116 1.841831 1.802294 1.764219 1.730699 1.705152 1.691259 1.691306 1.698635 1.71162 1.729994 1.753551 1.782088 1.815448 1.854031 1.899838 1.956632 2.028759 2.120211 2.23438 2.374003 2.541079 2.736717 2.960947 3.212564 3.489069 3.786767 4.101002 4.426519 4.757858 5.089746 5.417466 5.73719 6.046303 6.343695 6.630053 6.914406 7.200551 7.47437 7.724493 7.942547 8.122977 8.262784 8.361198 8.419316 8.439738 8.426193 8.383215 8.315823 8.229263 8.128778 8.019401 7.905797 7.792123 7.681902
1.922873 1.955375 1.983594 2.006068 2.021541 2.029022 2.027839 2.017695 1.998705 1.971431 1.936901 1.896615 1.852539 1.807085 1.763084 1.723736 1.692562 1.673329 1.668219 1.669747 1.676551 1.688768 1.706544 1.729869 1.758333 1.791375 1.830769 1.881568 1.948905 2.036831 2.148497 2.286269 2.451719 2.645529 2.867376 3.115849 3.388427 3.681577 3.990937 4.311598 4.638418 4.966367 5.290855 5.608057 5.915226 6.210999 6.4957 6.777864 7.061196 7.33189 7.578865 7.794031 7.9721 8.110326 8.208158 8.266878 8.289194 8.278894 8.240483 8.178893 8.099223 8.006516 7.905584 7.800849 7.696233 7.595057
1.97587 2.010171 2.039433 2.062142 2.077017 2.083073 2.079671 2.06657 2.043958 2.012488 1.973284 1.927951 1.878559 1.827623 1.778069 1.733185 1.696565 1.67204 1.661659 1.657147 1.657442 1.663128 1.67478 1.692796 1.716988 1.74528 1.778257 1.823744 1.887204 1.972404 2.082159 2.218484 2.382593 2.574834 2.794625 3.040403 3.309637 3.598914 3.90409 4.22052 4.543318 4.867648 5.189022 5.5036 5.808501 6.1021 6.384346 6.663252 6.942431 7.208426 7.450498 7.660891 7.834654 7.969358 8.064743 8.12231 8.144933 8.136459 8.101383 8.044538 7.970861 7.885181 7.792067 7.695691 7.599729 7.50728
2.041164 2.07748 2.108059 2.131323 2.145957 2.150969 2.145741 2.130071 2.104214 2.068899 2.025342 1.975242 1.920766 1.86452 1.809512 1.759101 1.716937 1.686889 1.670852 1.659787 1.652929 1.651284 1.655803 1.667225 1.685703 1.709188 1.737923 1.780339 1.84166 1.925428 2.034218 2.169783 2.33307 2.524182 2.74235 2.985913 3.252342 3.538324 3.839893 4.152615 4.471807 4.792795 5.111165 5.423052 5.725423 6.016378 6.295466 6.570102 6.843727 7.103281 7.338429 7.541824 7.708935 7.837743 7.92836 7.982594 8.003521 7.995095 7.961804 7.908387 7.839607 7.760068 7.674076 7.585533 7.497853 7.413905
2.117328 2.155872 2.188028 2.212154 2.22689 2.231224 2.224545 2.206683 2.177947 2.139137 2.09155 2.036975 1.977662 1.916302 1.855969 1.800079 1.752317 1.716566 1.694554 1.676512 1.661964 1.652298 1.648768 1.652326 1.663326 1.681553 1.708915 1.750631 1.811549 1.895169 2.003944 2.139459 2.302471 2.492914 2.70989 2.951676 3.215764 3.498929 3.797355 4.106784 4.422709 4.740581 5.05605 5.365211 5.664875 5.952855 6.22828 6.497891 6.764864 7.016561 7.243077 7.437535 7.595904 7.716672 7.800408 7.849298 7.86668 7.85664 7.823674 7.772423 7.707466 7.633161 7.553538 7.472215 7.392324 7.316485
2.202662 2.243647 2.277638 2.302921 2.318084 2.322084 2.314307 2.294609 2.263343 2.221376 2.170082 2.111332 2.047458 1.98122 1.915753 1.854512 1.801201 1.7597 1.731563 1.706361 1.68391 1.665988 1.654195 1.64986 1.654032 1.667898 1.693834 1.735595 1.797069 1.881408 1.990883 2.126913 2.290102 2.480253 2.696379 2.936721 3.198798 3.479472 3.775057 4.081451 4.394295 4.709159 5.021745 5.32811 5.624906 5.90966 6.181073 6.445137 6.704656 6.947398 7.163902 7.347796 7.495625 7.606469 7.681458 7.723231 7.735435 7.722313 7.688373 7.638147 7.576012 7.506072 7.432063 7.357294 7.284612 7.21637
2.295251 2.338899 2.374981 2.401708 2.417606 2.421597 2.413051 2.391845 2.358377 2.313576 2.258897 2.196289 2.128162 2.057343 1.987015 1.920664 1.862001 1.814891 1.780724 1.748496 1.718346 1.692473 1.6729 1.661458 1.659876 1.67008 1.694571 1.736415 1.798731 1.884183 1.994744 2.131624 2.295267 2.485355 2.700827 2.939903 3.20013 3.478451 3.771302 4.074717 4.38448 4.696271 5.00585 5.309243 5.602968 5.884273 6.151429 6.409619 6.661164 6.894183 7.099623 7.271639 7.407417 7.506741 7.571401 7.604563 7.610228 7.592802 7.556797 7.506622 7.446436 7.380066 7.310936 7.242043 7.175933 7.114679
2.393007 2.439548 2.477985 2.506443 2.523376 2.527659 2.518649 2.496237 2.460869 2.413545 2.355801 2.289671 2.217645 2.142611 2.067797 1.99671 1.933062 1.880693 1.840845 1.802045 1.764779 1.731685 1.705231 1.687727 1.681406 1.688582 1.711774 1.753658 1.816818 1.903459 2.015215 2.153051 2.317231 2.507312 2.722158 2.959968 3.218317 3.494224 3.784231 4.084509 4.390973 4.699419 5.005675 5.305768 5.596107 5.8737 6.136409 6.388563 6.631876 6.854721 7.048377 7.207507 7.330011 7.416505 7.469556 7.49293 7.491005 7.468341 7.429434 7.378539 7.319578 7.256079 7.191149 7.127459 7.067248 7.012313
2.493719 2.543397 2.584461 2.614938 2.6332 2.638063 2.628867 2.605521 2.568529 2.518974 2.458486 2.389195 2.31367 2.234865 2.156047 2.080738 2.012641 1.955566 1.910618 1.86597 1.822456 1.78314 1.750901 1.728443 1.718344 1.723126 1.745283 1.787232 1.851175 1.938935 2.05182 2.190541 2.355171 2.545135 2.759217 2.995588 3.251847 3.525077 3.811925 4.108684 4.411404 4.716003 5.018403 5.314662 5.601133 5.874641 6.132693 6.378756 6.613818 6.826364 7.007843 7.153367 7.26164 7.334275 7.374761 7.387526 7.37731 7.348798 7.306423 7.25426 7.195962 7.134752 7.073406 7.014271 6.959278 6.909952
2.595085 2.648155 2.692131 2.724926 2.744808 2.750525 2.741392 2.717352 2.678981 2.627468 2.564558 2.492488 2.413918 2.331865 2.249632 2.170746 2.098892 2.037839 1.988566 1.938993 1.890293 1.845912 1.809074 1.782784 1.769851 1.772901 1.79438 1.836509 1.901204 1.989973 2.103837 2.243263 2.408134 2.597739 2.810776 3.045383 3.299173 3.569289 3.852467 4.145122 4.443436 4.743461 5.04123 5.332879 5.614768 5.883621 6.136686 6.376622 6.603617 6.806068 6.975318 7.106773 7.200081 7.258117 7.285448 7.287185 7.268375 7.233755 7.18764 7.133884 7.075861 7.016472 6.958167 6.902972 6.852518 6.808069
2.694749 2.751473 2.798662 2.834085 2.855881 2.862707 2.853858 2.829323 2.789782 2.73656 2.671546 2.597105 2.515996 2.431297 2.34634 2.264646 2.189863 2.125703 2.073022 2.019593 1.966893 1.918691 1.878484 1.849497 1.834677 1.836696 1.857935 1.900452 1.965929 2.055619 2.17029 2.310189 2.475017 2.663927 2.875534 3.107935 3.358749 3.625167 3.904009 4.191802 4.484858 4.779369 5.071502 5.357504 5.633809 5.897143 6.144629 6.378261 6.597466 6.790365 6.947706 7.064857 7.142648 7.185663 7.199708 7.19049 7.163231 7.122612 7.072772 7.017318 6.959335 6.901411 6.845673 6.79384 6.747262 6.706959
