Input/landvalue.asc
ncols         373
nrows         336
xllcorner     644205
yllcorner     -753435
cellsize      300
NODATA_value  -9999
[rows 232 to 260 of 336, columns 198 to 263 of 373]
2.300589 2.234995 2.171289 2.110356 2.053057 2.000216 1.952602 1.910914 1.875768 1.8476 1.822749 1.799433 1.778018 1.758711 1.741584 1.726602 1.713653 1.702587 1.693239 1.685457 1.679112 1.674103 1.670356 1.667812 1.66642 1.666124 1.666859 1.66854 1.671066 1.674312 1.678137 1.682385 1.686888 1.69147 1.695956 1.700171 1.703948 1.707126 1.709862 1.713818 1.718932 1.72482 1.731138 1.737579 1.743874 1.749789 1.75513 1.759734 1.763478 1.766266 1.768038 1.768763 1.768437 1.767086 1.764761 1.761534 1.757505 1.75279 1.747525 1.741863 1.735971 1.730028 1.724226 1.718758 1.713821 1.709598
2.31979 2.254117 2.19002 2.128412 2.07019 2.016233 1.967377 1.924407 1.888042 1.858835 1.832887 1.80827 1.785399 1.764544 1.745843 1.72933 1.714956 1.702621 1.692193 1.683534 1.676509 1.670999 1.666898 1.664116 1.662568 1.662169 1.662832 1.664455 1.666925 1.670111 1.673869 1.678037 1.682446 1.686914 1.691256 1.695285 1.698814 1.701662 1.703943 1.707262 1.711601 1.716635 1.722069 1.72764 1.733117 1.738301 1.743024 1.74715 1.750571 1.753208 1.755009 1.755951 1.756032 1.755275 1.753726 1.751449 1.748529 1.745064 1.741168 1.736966 1.732594 1.728196 1.723928 1.719952 1.716437 1.713546
2.340069 2.274184 2.209561 2.147145 2.087881 2.032704 1.982527 1.938224 1.900623 1.870397 1.8434 1.817553 1.793316 1.77101 1.750827 1.732857 1.717106 1.703516 1.691987 1.682397 1.674616 1.668513 1.663968 1.660864 1.659093 1.658546 1.659113 1.660678 1.663111 1.666273 1.670011 1.674156 1.67853 1.682944 1.6872 1.691097 1.694427 1.696986 1.698847 1.701548 1.705115 1.709282 1.713807 1.718472 1.723089 1.727495 1.731551 1.735147 1.738195 1.740633 1.742422 1.743544 1.744 1.743815 1.743027 1.741692 1.739878 1.737667 1.735147 1.732413 1.729564 1.726703 1.723942 1.721408 1.719242 1.717591
2.361055 2.294859 2.229615 2.166304 2.105922 2.04947 1.997937 1.952292 1.913472 1.882266 1.854283 1.827289 1.801777 1.778111 1.756532 1.737177 1.720094 1.705264 1.692619 1.682055 1.67345 1.666675 1.661597 1.658087 1.656017 1.655261 1.65569 1.65717 1.659559 1.662703 1.666439 1.670588 1.674961 1.679358 1.683566 1.687367 1.690534 1.692836 1.694306 1.696403 1.699201 1.702491 1.706086 1.709817 1.713538 1.717121 1.720463 1.723479 1.726105 1.728295 1.730023 1.731281 1.732074 1.732424 1.732367 1.731947 1.731221 1.730249 1.729095 1.727821 1.726487 1.725146 1.723858 1.722703 1.721799 1.721284
2.382427 2.315851 2.249923 2.185666 2.124133 2.066387 2.0135 1.966533 1.926534 1.894407 1.865513 1.837456 1.810761 1.785827 1.762933 1.742257 1.723886 1.707835 1.694064 1.682491 1.673007 1.665487 1.659796 1.655796 1.653349 1.652313 1.652546 1.653897 1.65621 1.659319 1.663046 1.667202 1.671585 1.675978 1.680156 1.683881 1.686904 1.688971 1.690069 1.691574 1.693604 1.69601 1.698657 1.701426 1.704215 1.706936 1.709518 1.711905 1.714056 1.715945 1.71756 1.718899 1.719976 1.720811 1.721436 1.721887 1.722206 1.722436 1.722615 1.722777 1.722937 1.723093 1.723236 1.723386 1.723639 1.724148
2.403904 2.336901 2.270255 2.205035 2.142345 2.08332 2.029109 1.980867 1.939748 1.90677 1.877044 1.848013 1.820227 1.794112 1.769983 1.74805 1.728435 1.711185 1.696285 1.683676 1.673265 1.664936 1.658557 1.653988 1.651084 1.649693 1.649661 1.650826 1.653016 1.656053 1.659746 1.66389 1.66827 1.672655 1.676801 1.680452 1.683339 1.685179 1.685917 1.686836 1.688095 1.689605 1.691286 1.693068 1.694893 1.696712 1.698488 1.700195 1.701817 1.703346 1.704785 1.706143 1.707438 1.708691 1.70993 1.711183 1.712479 1.713845 1.715296 1.716838 1.71845 1.720073 1.721603 1.722967 1.724256 1.725672
2.425236 2.35778 2.290406 2.224228 2.160406 2.10014 2.044659 1.995208 1.953044 1.919292 1.888819 1.858904 1.830117 1.80291 1.777624 1.754498 1.733683 1.715257 1.69923 1.685566 1.674189 1.664996 1.657862 1.652649 1.649211 1.647389 1.64702 1.647931 1.64994 1.652853 1.656468 1.660565 1.664913 1.669265 1.673361 1.676925 1.679665 1.681275 1.681656 1.681988 1.682471 1.683074 1.683769 1.684538 1.685365 1.686242 1.687166 1.688141 1.689174 1.690279 1.691472 1.692773 1.694206 1.695792 1.697556 1.699519 1.701696 1.704096 1.706718 1.709541 1.712517 1.715547 1.718427 1.720888 1.723083 1.725312
2.446197 2.378279 2.310187 2.243078 2.178169 2.116723 2.060045 2.009467 1.966343 1.931901 1.900767 1.87006 1.840365 1.812152 1.785785 1.76153 1.739564 1.719989 1.702843 1.688112 1.675738 1.665634 1.657686 1.651762 1.647716 1.645388 1.644608 1.645194 1.646954 1.649683 1.653163 1.657162 1.661433 1.665713 1.669725 1.673174 1.675745 1.677112 1.677128 1.676866 1.676561 1.676241 1.67593 1.675658 1.675454 1.675348 1.675372 1.675558 1.675939 1.676548 1.677417 1.678576 1.680052 1.681871 1.684051 1.686605 1.689536 1.692837 1.696484 1.700432 1.704604 1.708873 1.712998 1.716439 1.719498 1.722526
2.466576 2.398201 2.329417 2.261424 2.195492 2.132945 2.075159 2.023549 1.979561 1.944518 1.912813 1.881406 1.850893 1.821761 1.794392 1.769073 1.746005 1.725314 1.707062 1.691258 1.677866 1.666813 1.658001 1.651306 1.646586 1.643681 1.642417 1.642606 1.644047 1.646522 1.649802 1.653641 1.657777 1.661933 1.665813 1.669104 1.671474 1.672571 1.672206 1.671335 1.670228 1.668965 1.667625 1.666284 1.665014 1.663883 1.662956 1.662296 1.661958 1.661995 1.662453 1.663373 1.664787 1.66672 1.669189 1.672195 1.67573 1.679766 1.684256 1.689124 1.694256 1.699471 1.704473 1.708939 1.712969 1.716853
2.486172 2.417358 2.347924 2.27911 2.212235 2.148682 2.089893 2.037358 1.992608 1.957057 1.924871 1.892858 1.861621 1.831658 1.803366 1.77705 1.752933 1.731164 1.711826 1.694953 1.680527 1.668499 1.658782 1.651265 1.645812 1.642266 1.640451 1.640172 1.641221 1.64337 1.646378 1.649986 1.65392 1.657887 1.661576 1.664657 1.666779 1.66757 1.666799 1.665298 1.663367 1.661141 1.658747 1.656308 1.653935 1.651737 1.649809 1.648241 1.647114 1.646498 1.646453 1.647029 1.648265 1.650184 1.652798 1.656101 1.660069 1.664656 1.669788 1.675359 1.681218 1.687155 1.692906 1.698264 1.70324 1.708007
2.50479 2.435568 2.365537 2.295979 2.228258 2.163808 2.104133 2.050791 2.005392 1.969427 1.936853 1.904329 1.872462 1.841758 1.812625 1.785385 1.760277 1.737471 1.717074 1.699141 1.683679 1.670656 1.660006 1.651627 1.645394 1.641152 1.638723 1.63791 1.638495 1.640244 1.642903 1.646205 1.649861 1.653565 1.656993 1.6598 1.661619 1.66206 1.66085 1.658692 1.655912 1.652698 1.649224 1.645657 1.642148 1.638839 1.635859 1.633324 1.631335 1.629982 1.629338 1.629462 1.630395 1.632163 1.634772 1.638206 1.642429 1.647374 1.652947 1.659017 1.665411 1.671917 1.678313 1.684435 1.690257 1.695872
2.522236 2.452646 2.382088 2.311877 2.243418 2.178194 2.117761 2.063741 2.017809 1.981533 1.948665 1.915727 1.883328 1.851976 1.822089 1.794 1.767964 1.744171 1.722749 1.703775 1.687282 1.673258 1.661655 1.652389 1.645339 1.640356 1.637261 1.635852 1.635906 1.637181 1.639414 1.642327 1.645622 1.648983 1.652073 1.654535 1.655986 1.656024 1.654335 1.651487 1.647832 1.643604 1.639025 1.6343 1.629621 1.625162 1.62108 1.617518 1.614597 1.612424 1.611084 1.610643 1.611149 1.612625 1.615074 1.618472 1.622768 1.627884 1.633707 1.640092 1.646857 1.653801 1.660728 1.667498 1.674061 1.68046
2.538315 2.468409 2.397402 2.326642 2.257568 2.191705 2.130656 2.076094 2.029757 1.993272 1.960208 1.926959 1.894127 1.862226 1.831676 1.802819 1.775927 1.751203 1.728798 1.708812 1.691302 1.676282 1.663724 1.653557 1.645669 1.639912 1.636108 1.63405 1.633509 1.634236 1.635963 1.638404 1.641252 1.644183 1.646851 1.648888 1.649902 1.649476 1.647263 1.64369 1.63913 1.633863 1.628153 1.622246 1.616366 1.61072 1.605492 1.600848 1.596928 1.593854 1.591723 1.59061 1.590563 1.591609 1.593745 1.596942 1.601139 1.606248 1.612144 1.618676 1.625665 1.63292 1.640265 1.647571 1.654773 1.66188
2.552829 2.482669 2.411305 2.340111 2.270557 2.204202 2.142689 2.087733 2.041123 2.004537 1.971379 1.937922 1.904765 1.872417 1.841303 1.81177 1.784099 1.75851 1.735173 1.714212 1.695713 1.679715 1.666212 1.655148 1.646415 1.639867 1.635321 1.632566 1.63137 1.63148 1.632622 1.634504 1.636816 1.639226 1.641383 1.642912 1.643413 1.64246 1.639671 1.635337 1.629843 1.623514 1.616654 1.609542 1.602438 1.595575 1.589164 1.583389 1.57841 1.574362 1.571352 1.569463 1.568747 1.569231 1.57091 1.573749 1.577685 1.58262 1.588428 1.594956 1.602031 1.609474 1.617125 1.624858 1.632601 1.640334
2.565576 2.495233 2.423614 2.352114 2.282228 2.215539 2.153723 2.09853 2.051787 2.015214 1.982066 1.948512 1.915141 1.882458 1.850887 1.820778 1.792419 1.766042 1.741835 1.719948 1.700496 1.683552 1.669133 1.657193 1.647626 1.64028 1.634969 1.631479 1.629572 1.628995 1.629472 1.630709 1.632393 1.63419 1.635746 1.63668 1.63659 1.635043 1.631629 1.626494 1.620041 1.612632 1.604607 1.59628 1.587936 1.579837 1.572213 1.56527 1.559183 1.554098 1.550133 1.547376 1.545884 1.545685 1.546774 1.549114 1.55264 1.557252 1.562825 1.56921 1.576242 1.583756 1.591602 1.599658 1.607844 1.616119
2.576348 2.505904 2.434144 2.362477 2.292415 2.225564 2.163617 2.108352 2.061622 2.025179 1.992149 1.958611 1.925145 1.892247 1.860337 1.829766 1.800824 1.773751 1.74875 1.725996 1.705642 1.687799 1.672511 1.659737 1.649362 1.641226 1.635134 1.630871 1.628201 1.626869 1.626602 1.627107 1.628072 1.629164 1.630028 1.630283 1.629524 1.627317 1.623225 1.617257 1.609824 1.601326 1.592133 1.582588 1.573003 1.56366 1.554811 1.546677 1.539446 1.533277 1.528294 1.524593 1.522234 1.521248 1.52163 1.523347 1.526331 1.530487 1.535694 1.541809 1.548681 1.556154 1.564087 1.572364 1.580897 1.589629
2.584934 2.514481 2.442702 2.371018 2.30095 2.234115 2.172219 2.117053 2.07049 2.034295 2.001495 1.968094 1.934657 1.901673 1.869556 1.838651 1.809248 1.78159 1.755891 1.732346 1.711149 1.69247 1.676385 1.66284 1.651698 1.642783 1.635897 1.630826 1.627339 1.625186 1.624098 1.623787 1.623946 1.624244 1.624328 1.623822 1.622321 1.619392 1.614574 1.607746 1.599324 1.589738 1.579387 1.568638 1.557825 1.54725 1.53718 1.527849 1.519459 1.512176 1.506133 1.501431 1.498134 1.496276 1.495856 1.496843 1.499175 1.502761 1.507486 1.513221 1.519823 1.52715 1.53507 1.543469 1.552254 1.561354
2.591118 2.520758 2.449095 2.377553 2.307657 2.241025 2.179368 2.12448 2.078238 2.042414 2.009957 1.976814 1.943537 1.910606 1.878423 1.84733 1.817612 1.78951 1.763237 1.739001 1.717035 1.697598 1.680816 1.666581 1.654712 1.645025 1.637327 1.631411 1.627054 1.624015 1.622033 1.620828 1.620099 1.619521 1.618748 1.617407 1.615098 1.611393 1.60581 1.598104 1.588696 1.57804 1.566558 1.554639 1.542633 1.530857 1.519593 1.509084 1.499542 1.49114 1.484018 1.478281 1.473998 1.471208 1.469914 1.47009 1.47168 1.474601 1.47875 1.484006 1.490242 1.497327 1.505137 1.513562 1.522505 1.531883
2.594683 2.524527 2.453123 2.381892 2.312354 2.24612 2.184895 2.130467 2.084704 2.049371 2.017369 1.984607 1.951625 1.918888 1.886794 1.855675 1.82581 1.797436 1.77076 1.745984 1.72335 1.703253 1.685904 1.671042 1.658464 1.647996 1.639459 1.632658 1.627382 1.623399 1.620459 1.618292 1.616606 1.615084 1.613388 1.611152 1.607983 1.603458 1.597083 1.588499 1.578124 1.566436 1.553874 1.54084 1.527701 1.514783 1.502377 1.490736 1.480076 1.470577 1.462385 1.455607 1.450319 1.446564 1.44435 1.443658 1.444441 1.446625 1.45012 1.454818 1.460604 1.467359 1.47497 1.48333 1.492338 1.501902
2.59541 2.525581 2.454589 2.383846 2.314857 2.249221 2.188625 2.134837 2.089709 2.054985 2.023545 1.991284 1.958728 1.926334 1.894486 1.863512 1.833685 1.805239 1.778378 1.753303 1.730252 1.709655 1.69176 1.676255 1.662947 1.651676 1.642271 1.634551 1.628314 1.623342 1.619396 1.616217 1.613522 1.611008 1.608343 1.605171 1.601108 1.595738 1.58856 1.579114 1.567817 1.555159 1.541592 1.52753 1.513346 1.499374 1.48591 1.473213 1.461501 1.45096 1.441738 1.433946 1.427665 1.422941 1.419792 1.418204 1.418141 1.419541 1.422325 1.426401 1.431667 1.438017 1.445347 1.453553 1.462534 1.472189
2.594103 2.52468 2.454197 2.384052 2.315734 2.250821 2.190976 2.137944 2.093547 2.059503 2.028694 1.997013 1.964977 1.933028 1.901546 1.87085 1.84121 1.812859 1.786004 1.760856 1.737665 1.71674 1.698237 1.682033 1.667954 1.655837 1.64552 1.636829 1.629573 1.623548 1.618526 1.614261 1.610484 1.606902 1.603196 1.599021 1.594004 1.587741 1.579723 1.569399 1.557178 1.543564 1.529015 1.513951 1.498752 1.483755 1.469261 1.455529 1.442784 1.43121 1.42096 1.412149 1.404862 1.399151 1.395041 1.392528 1.391584 1.392161 1.394194 1.397604 1.402303 1.408197 1.41519 1.423183 1.432074 1.441752
2.592347 2.52331 2.45332 2.383758 2.316097 2.251894 2.192791 2.140507 2.096839 2.063479 2.033312 2.002233 1.970746 1.939285 1.908221 1.877869 1.848496 1.820332 1.793586 1.768466 1.745196 1.723987 1.704952 1.688049 1.67316 1.660139 1.648834 1.639083 1.630706 1.623513 1.617292 1.611811 1.606816 1.602028 1.597145 1.591836 1.585742 1.578474 1.569521 1.558223 1.544984 1.530315 1.514686 1.498522 1.482208 1.466088 1.450464 1.435601 1.421725 1.409025 1.397657 1.387742 1.379369 1.372597 1.367459 1.363961 1.362087 1.361799 1.363046 1.365762 1.369871 1.37529 1.381931 1.389696 1.398481 1.408167
2.590016 2.521335 2.451809 2.382804 2.315776 2.252264 2.193886 2.14234 2.099397 2.066725 2.037212 2.006758 1.975854 1.944928 1.914341 1.884403 1.855374 1.82748 1.800924 1.775898 1.752585 1.731139 1.711643 1.694087 1.678391 1.664439 1.652096 1.641214 1.631634 1.623178 1.615653 1.608844 1.602516 1.596407 1.590232 1.583677 1.576403 1.56804 1.558073 1.545727 1.531395 1.515598 1.498814 1.481477 1.463977 1.446661 1.429837 1.413773 1.398698 1.384808 1.372261 1.361183 1.351672 1.343792 1.337585 1.333067 1.330232 1.329056 1.329498 1.331505 1.335013 1.339947 1.346223 1.353749 1.362415 1.372094
2.586969 2.518608 2.449511 2.381031 2.314608 2.251762 2.194091 2.143271 2.10105 2.06907 2.040229 2.010427 1.980147 1.949806 1.91976 1.890306 1.8617 1.834155 1.80786 1.782983 1.759669 1.738032 1.718134 1.699971 1.683489 1.668597 1.655184 1.643122 1.632271 1.622476 1.613562 1.605335 1.59758 1.590056 1.582498 1.574611 1.566078 1.556548 1.545511 1.532064 1.516589 1.499617 1.481633 1.463078 1.444348 1.425794 1.40773 1.390426 1.374117 1.359002 1.345244 1.332977 1.322302 1.313294 1.306002 1.300451 1.296646 1.294575 1.294209 1.295505 1.298407 1.302851 1.308758 1.316033 1.324566 1.334222
2.583085 2.515001 2.446294 2.378304 2.312454 2.250247 2.193264 2.143157 2.101655 2.070375 2.042225 2.013108 1.983496 1.953797 1.924355 1.895461 1.867355 1.840235 1.814269 1.789596 1.766329 1.744548 1.724293 1.705562 1.688315 1.672482 1.657977 1.644696 1.632524 1.621329 1.61096 1.601246 1.591993 1.582984 1.573973 1.564692 1.554842 1.544101 1.531957 1.51738 1.500737 1.482567 1.463365 1.443576 1.423602 1.403799 1.384484 1.365932 1.348382 1.332037 1.317066 1.303609 1.291772 1.28164 1.273269 1.266694 1.261929 1.258974 1.257808 1.2584 1.260703 1.264658 1.27019 1.277208 1.285596 1.295212
2.578257 2.510405 2.442046 2.374506 2.309195 2.2476 2.191282 2.141877 2.101092 2.070524 2.043087 2.014688 1.985791 1.956792 1.928024 1.899763 1.872233 1.845613 1.820045 1.795636 1.772465 1.750584 1.730011 1.710741 1.692743 1.675968 1.660353 1.645823 1.632289 1.619648 1.607774 1.596523 1.585723 1.575181 1.564676 1.55396 1.542763 1.530786 1.517522 1.50181 1.483998 1.464636 1.444224 1.423213 1.402009 1.380973 1.360425 1.340645 1.321875 1.304323 1.288164 1.273541 1.260571 1.249342 1.23992 1.232348 1.226651 1.222835 1.220892 1.220797 1.222513 1.225985 1.231144 1.237897 1.246127 1.255686
2.572394 2.504726 2.43667 2.36954 2.304733 2.243719 2.188046 2.13933 2.09926 2.069413 2.042713 2.015068 1.986933 1.958691 1.930663 1.903109 1.876233 1.850189 1.825089 1.801005 1.777984 1.756043 1.735185 1.715396 1.696653 1.678928 1.662184 1.646377 1.63145 1.617329 1.603919 1.591099 1.578727 1.566629 1.55461 1.542448 1.529895 1.516683 1.502308 1.485478 1.466522 1.445999 1.424412 1.402217 1.379825 1.357599 1.335863 1.3149 1.294958 1.276248 1.258949 1.243212 1.229157 1.21688 1.206455 1.197932 1.191344 1.186706 1.184018 1.183263 1.18441 1.18741 1.192198 1.198681 1.206742 1.216226
2.565416 2.497884 2.430086 2.363324 2.298982 2.238519 2.183465 2.135425 2.096067 2.066951 2.041008 2.014151 1.986821 1.959392 1.932169 1.905394 1.879248 1.853857 1.829297 1.805604 1.782785 1.760827 1.739709 1.719412 1.699921 1.68123 1.663334 1.646224 1.629878 1.614256 1.599293 1.584896 1.570947 1.557296 1.543771 1.530174 1.516284 1.501859 1.486406 1.468498 1.448448 1.426817 1.404115 1.3808 1.357285 1.333938 1.311084 1.289011 1.267969 1.248172 1.229806 1.213025 1.197955 1.184699 1.173335 1.163922 1.1565 1.15109 1.1477 1.146319 1.146923 1.149467 1.153888 1.160098 1.167977 1.177368
2.557257 2.489812 2.422225 2.355789 2.291874 2.231927 2.177467 2.130084 2.09143 2.063051 2.037883 2.011841 1.985355 1.958788 1.932428 1.9065 1.881157 1.856495 1.83255 1.809317 1.786758 1.764823 1.743467 1.722663 1.702409 1.682726 1.663649 1.64521 1.627427 1.610296 1.593782 1.577821 1.562315 1.547139 1.532141 1.517148 1.501963 1.486375 1.469896 1.450974 1.429901 1.407241 1.383507 1.359158 1.334611 1.310234 1.286356 1.263265 1.241216 1.220427 1.201086 1.183351 1.167354 1.153203 1.140982 1.130754 1.122567 1.116446 1.112406 1.110441 1.110532 1.112639 1.116702 1.122636 1.130321 1.139599
