Input/landvalue.asc
ncols         373
nrows         336
xllcorner     644205
yllcorner     -753435
cellsize      300
NODATA_value  -9999
[rows 232 to 260 of 336, columns 264 to 329 of 373]
1.706246 1.70388 1.702577 1.702416 1.703459 1.705754 1.709323 1.714156 1.720208 1.727395 1.735584 1.7446 1.754226 1.764199 1.774217 1.783943 1.793007 1.801009 1.807526 1.812114 1.814315 1.81366 1.809675 1.801889 1.789839 1.773085 1.751212 1.723862 1.690755 1.651749 1.606773 1.555459 1.497775 1.43422 1.365781 1.293818 1.219938 1.145916 1.073703 1.005581 0.9445124 0.8927832 0.8489314 0.8109295 0.7776452 0.7484105 0.7227842 0.7004482 0.6811572 0.6647088 0.6509246 0.6396373 0.6306802 0.6238792 0.6190447 0.6159649 0.6144001 0.6140754 -9999 -9999 -9999 -9999 -9999 -9999 -9999 -9999
1.71142 1.71016 1.709844 1.710541 1.712312 1.715202 1.719236 1.724412 1.730694 1.738013 1.746256 1.755272 1.764864 1.774798 1.784799 1.794557 1.803729 1.811942 1.818799 1.823884 1.826759 1.82698 1.824093 1.81764 1.80717 1.792236 1.772408 1.747277 1.71648 1.67974 1.636856 1.587308 1.530945 1.468278 1.400417 1.328895 1.255472 1.182042 1.110623 1.043406 0.9825935 0.9294756 0.8836076 0.8437572 0.8088846 0.7782737 0.7514318 0.7280036 0.7077181 0.6903556 0.6757265 0.663656 0.6539727 0.6464994 0.6410456 0.6373994 0.6353217 0.6345395 -9999 -9999 -9999 -9999 -9999 -9999 -9999 -9999
1.716588 1.716332 1.716898 1.718356 1.720767 1.724177 1.728615 1.734086 1.740568 1.748005 1.756302 1.765326 1.774906 1.784828 1.794842 1.804665 1.813978 1.822435 1.829665 1.835274 1.838853 1.839978 1.838219 1.833138 1.824299 1.811262 1.793594 1.770858 1.742622 1.708476 1.668057 1.620612 1.5658 1.504157 1.437012 1.366138 1.293457 1.22092 1.150487 1.084072 1.023322 0.9691633 0.9215428 0.8797904 0.843128 0.8109029 0.7826161 0.7578899 0.7364302 0.717999 0.7023922 0.6894239 0.6789153 0.6706838 0.6645346 0.6602541 0.6576018 0.6563048 -9999 -9999 -9999 -9999 -9999 -9999 -9999 -9999
1.721296 1.721936 1.723285 1.725414 1.728384 1.732244 1.737031 1.742759 1.749415 1.756958 1.76531 1.774355 1.78394 1.793874 1.803928 1.813842 1.823321 1.832043 1.83966 1.845803 1.850087 1.85211 1.851465 1.847738 1.840509 1.829361 1.813867 1.79359 1.768066 1.736784 1.699208 1.654236 1.601157 1.540566 1.474184 1.404102 1.332365 1.260895 1.191501 1.125815 1.065143 1.010243 0.9612443 0.9178134 0.8794242 0.8455488 0.8157326 0.789605 0.766865 0.7472632 0.7305844 0.7166333 0.705223 0.6961645 0.6892587 0.684288 0.6810099 0.6791497 -9999 -9999 -9999 -9999 -9999 -9999 -9999 -9999
1.725064 1.726501 1.728542 1.73126 1.734719 1.738973 1.744065 1.750019 1.756834 1.764479 1.772891 1.78197 1.79158 1.801549 1.811667 1.821693 1.831355 1.840352 1.848357 1.855024 1.859987 1.862867 1.863279 1.860827 1.855116 1.845744 1.83231 1.814394 1.791542 1.763221 1.728809 1.686736 1.635514 1.575872 1.510296 1.441211 1.370665 1.300463 1.232218 1.167331 1.106884 1.05155 1.001552 0.9567645 0.9168588 0.8814421 0.8501341 0.8225983 0.7985456 0.7777278 0.759926 0.7449397 0.7325767 0.7226433 0.7149358 0.7092333 0.7052903 0.7028297 -9999 -9999 -9999 -9999 -9999 -9999 -9999 -9999
1.727393 1.729541 1.732202 1.735447 1.739342 1.743949 1.749317 1.755479 1.762446 1.770197 1.778683 1.787815 1.797472 1.807498 1.817701 1.827858 1.837714 1.846987 1.855369 1.862532 1.868128 1.871798 1.87317 1.871867 1.867507 1.859709 1.848083 1.832235 1.81174 1.786107 1.754827 1.716113 1.666779 1.607985 1.543549 1.475919 1.406981 1.338363 1.271499 1.207606 1.147628 1.092184 1.041561 0.9957659 0.9546226 0.917861 0.8851862 0.8563123 0.8309787 0.8089509 0.790016 0.773975 0.7606344 0.7497985 0.7412617 0.7348005 0.7301665 0.7270804 -9999 -9999 -9999 -9999 -9999 -9999 -9999 -9999
1.727771 1.730579 1.733813 1.737546 1.741847 1.746783 1.752414 1.758783 1.765909 1.773782 1.782361 1.79157 1.8013 1.811409 1.821719 1.832022 1.842079 1.851623 1.860362 1.867983 1.874153 1.878523 1.880733 1.880416 1.877198 1.870699 1.860533 1.846304 1.827585 1.803884 1.774785 1.738624 1.69142 1.634591 1.57235 1.50698 1.440242 1.373643 1.308486 1.245872 1.18666 1.131445 1.080559 1.034107 0.99203 0.954165 0.9203011 0.8902129 0.8636789 0.8404898 0.8204471 0.8033604 0.7890408 0.7772948 0.7679172 0.7606841 0.755346 0.7516214 -9999 -9999 -9999 -9999 -9999 -9999 -9999 -9999
1.725711 1.729167 1.732962 1.73717 1.741866 1.747129 1.753028 1.759618 1.766924 1.774945 1.783646 1.792963 1.802796 1.813015 1.823454 1.833919 1.844183 1.853991 1.863065 1.871101 1.877776 1.882749 1.885666 1.886161 1.883855 1.878362 1.86928 1.856182 1.838594 1.815951 1.787774 1.752416 1.707846 1.654785 1.595979 1.53373 1.469812 1.405689 1.342604 1.281587 1.223456 1.168802 1.117997 1.071224 1.028517 0.9898052 0.9549574 0.9238107 0.8961902 0.8719189 0.8508211 0.8327212 0.8174406 0.8047926 0.7945761 0.7865699 0.7805255 0.7761605 -9999 -9999 -9999 -9999 -9999 -9999 -9999 -9999
1.720799 1.724928 1.729298 1.733991 1.739094 1.744699 1.750889 1.757729 1.765249 1.773454 1.782315 1.791775 1.801746 1.812105 1.822698 1.833342 1.843819 1.853886 1.863271 1.87168 1.878795 1.884278 1.887775 1.888915 1.887312 1.882561 1.874236 1.861875 1.844959 1.822881 1.79527 1.760974 1.718956 1.669656 1.614752 1.556142 1.495493 1.434225 1.373533 1.314413 1.257661 1.203875 1.153467 1.106683 1.063633 1.024327 0.9887081 0.9566737 0.9280989 0.9028443 0.8807622 0.8616982 0.845489 0.8319587 0.820915 0.8121424 0.8053967 0.8003973 0.7968361 -9999 -9999 -9999 -9999 -9999 -9999 -9999
1.71275 1.717585 1.72256 1.727766 1.7333 1.739276 1.745797 1.75293 1.760709 1.76914 1.778203 1.787847 1.797992 1.808525 1.819301 1.830143 1.840844 1.851166 1.860846 1.869592 1.87709 1.883002 1.886971 1.88862 1.887551 1.883343 1.875551 1.863693 1.847245 1.825644 1.798752 1.765855 1.726335 1.68049 1.629422 1.574581 1.517416 1.459234 1.401173 1.344191 1.289071 1.236421 1.186685 1.140164 1.097032 1.05737 1.021185 0.9884346 0.959044 0.9329141 0.9099292 0.8899601 0.8728628 0.8584774 0.8466228 0.837094 0.8296543 0.8240288 0.8199034 0.8170112 -9999 -9999 -9999 -9999 -9999 -9999
1.701418 1.706983 1.712595 1.718347 1.724347 1.730733 1.737636 1.745115 1.7532 1.761903 1.771212 1.781082 1.791442 1.802185 1.813174 1.824239 1.835178 1.84576 1.855723 1.864782 1.87262 1.878901 1.883263 1.885323 1.884674 1.880889 1.873514 1.862075 1.846082 1.825067 1.799127 1.767841 1.730779 1.688139 1.64069 1.589534 1.535875 1.480873 1.425579 1.370903 1.317608 1.266308 1.217474 1.171449 1.128464 1.088657 1.052096 1.018795 0.9887244 0.9618283 0.9380252 0.9172137 0.899273 0.8840612 0.8714132 0.8611364 0.8530054 0.846756 0.8420739 0.8386291 0.8361239 -9999 -9999 -9999 -9999 -9999
1.686785 1.693085 1.699358 1.705697 1.712206 1.719048 1.72639 1.734259 1.742694 1.751713 1.761312 1.771453 1.78207 1.793062 1.804299 1.815614 1.826811 1.837662 1.84791 1.857268 1.865422 1.872035 1.876742 1.879156 1.878871 1.875458 1.868475 1.857475 1.842025 1.821761 1.796975 1.767433 1.732786 1.693159 1.649102 1.601461 1.551222 1.499388 1.446907 1.394631 1.343292 1.293502 1.245749 1.200412 1.157765 1.117997 1.08123 1.047525 1.016902 0.9893442 0.9648056 0.9432142 0.9244741 0.9084643 0.8950371 0.8840152 0.875187 0.8683004 0.8630466 0.8590436 0.8559749 0.8534368 -9999 -9999 -9999 -9999
1.668941 1.675962 1.682907 1.689869 1.696959 1.704327 1.712124 1.720412 1.729232 1.73861 1.748543 1.759 1.769917 1.781201 1.792723 1.80432 1.815801 1.826939 1.837481 1.84714 1.855603 1.862534 1.867567 1.870319 1.870386 1.867352 1.860796 1.850312 1.835531 1.816184 1.792708 1.764993 1.73272 1.695949 1.655078 1.610762 1.563803 1.515059 1.465373 1.415527 1.366217 1.318045 1.271507 1.227005 1.18485 1.145275 1.108444 1.074467 1.043406 1.015282 0.9900848 0.9677721 0.9482744 0.9314925 0.9172975 0.9055282 0.8959868 0.8884332 0.8825615 0.8779347 0.874226 0.871006 -9999 -9999 -9999 -9999
1.648074 1.655786 1.663397 1.670999 1.678702 1.686638 1.694934 1.703678 1.712926 1.722705 1.733019 1.743838 1.755102 1.76672 1.778566 1.790482 1.802276 1.813727 1.824581 1.834554 1.843335 1.85059 1.855957 1.859059 1.859504 1.856893 1.850836 1.84097 1.82699 1.808701 1.786656 1.760817 1.730874 1.696827 1.658961 1.617782 1.573944 1.528177 1.48122 1.433788 1.386535 1.340042 1.294807 1.251248 1.209705 1.170444 1.133671 1.099534 1.068133 1.039528 1.013741 0.9907618 0.9705449 0.9530146 0.9380615 0.9255403 0.9152666 0.9070113 0.9004659 0.8951292 0.8906495 0.886673 0.8829822 -9999 -9999 -9999
1.624473 1.632829 1.64108 1.649314 1.657634 1.666156 1.674995 1.684243 1.693964 1.704192 1.714932 1.726159 1.737816 1.749811 1.762023 1.774294 1.786437 1.798229 1.809421 1.819731 1.828853 1.836453 1.842182 1.845669 1.846538 1.844416 1.838945 1.829805 1.816746 1.799634 1.779104 1.755169 1.727508 1.696071 1.661049 1.622833 1.581955 1.539031 1.494713 1.449645 1.404437 1.359646 1.315767 1.273226 1.232381 1.19353 1.15691 1.122703 1.091048 1.062036 1.035723 1.012125 0.9912251 0.9729698 0.9572693 0.9439951 0.9329768 0.9239965 0.9167464 0.9106696 0.9054245 0.9007389 0.8964426 -9999 -9999 -9999
1.598524 1.607465 1.616316 1.625156 1.634082 1.643197 1.652604 1.662393 1.672629 1.683349 1.69456 1.70624 1.718331 1.730747 1.743363 1.756028 1.768552 1.780719 1.792279 1.802956 1.812447 1.820428 1.826555 1.830475 1.83183 1.830271 1.825474 1.817161 1.805126 1.789281 1.770328 1.748305 1.722877 1.693944 1.661622 1.626207 1.58813 1.547914 1.506127 1.46335 1.420149 1.377056 1.334554 1.293074 1.252989 1.214617 1.178224 1.144024 1.112184 1.08283 1.056045 1.031875 1.010327 0.9913716 0.974939 0.9609185 0.9491559 0.9394482 0.9314955 0.9246968 0.9187314 0.9133756 0.9084785 0.9039749 -9999 -9999
1.57071 1.580171 1.589569 1.598978 1.608486 1.618186 1.628171 1.638523 1.649304 1.66055 1.67227 1.684439 1.697004 1.709876 1.722934 1.736025 1.748966 1.761538 1.773498 1.784574 1.79447 1.802868 1.809439 1.813844 1.815747 1.814824 1.810783 1.803382 1.792454 1.777944 1.760602 1.740485 1.717235 1.690707 1.660954 1.62819 1.592765 1.555117 1.515746 1.475175 1.433926 1.392503 1.351378 1.31098 1.271692 1.233851 1.197743 1.163608 1.131644 1.102002 1.074796 1.050097 1.027937 1.008309 0.9911661 0.9764159 0.9639235 0.9535047 0.9448739 0.9373908 0.9307507 0.9247598 0.919277 0.9142203 -9999 -9999
1.541616 1.551521 1.561405 1.571334 1.581389 1.591653 1.602209 1.613129 1.624471 1.636265 1.648519 1.661206 1.674273 1.687631 1.701159 1.714707 1.728091 1.741098 1.753486 1.764991 1.775324 1.784178 1.791236 1.796177 1.798685 1.798462 1.795247 1.788826 1.779065 1.765932 1.750217 1.731985 1.710853 1.686635 1.659325 1.629074 1.596156 1.560945 1.523873 1.485413 1.446048 1.406254 1.366488 1.327177 1.288708 1.251431 1.215652 1.181632 1.149594 1.119715 1.092134 1.066948 1.044214 1.023947 1.006122 0.9906682 0.9774714 0.9663708 0.957097 0.9489713 0.9416993 0.9351068 0.9290595 0.9234668 -9999 -9999
1.511922 1.522189 1.532488 1.542878 1.553432 1.564225 1.575329 1.586808 1.598708 1.611057 1.623856 1.637077 1.650662 1.664524 1.678542 1.692565 1.706413 1.719874 1.732714 1.744673 1.75547 1.764811 1.772393 1.777913 1.781074 1.781604 1.779265 1.773873 1.765315 1.753579 1.739484 1.723101 1.70402 1.682015 1.65703 1.629159 1.598615 1.56571 1.530823 1.494378 1.456823 1.418608 1.380174 1.341942 1.304302 1.267614 1.232197 1.198334 1.166267 1.136197 1.108288 1.082659 1.059391 1.038523 1.020051 1.003927 0.9900602 0.9783137 0.9684356 0.9597088 0.9518442 0.9446819 0.9380938 0.9319854 -9999 -9999
1.482402 1.492941 1.503574 1.514355 1.52535 1.536623 1.548238 1.560246 1.572687 1.585579 1.598918 1.612671 1.626778 1.641148 1.655662 1.670167 1.684486 1.698413 1.711715 1.724142 1.735422 1.745273 1.753405 1.759532 1.763379 1.764695 1.763265 1.758927 1.751585 1.74124 1.72874 1.714155 1.697049 1.677159 1.654384 1.628766 1.600467 1.569744 1.536929 1.502405 1.466585 1.429895 1.39276 1.355593 1.318786 1.282704 1.24768 1.214011 1.181958 1.151744 1.123553 1.097528 1.073772 1.052345 1.033267 1.016513 1.002016 0.9896619 0.9792182 0.9699284 0.9615072 0.9538057 0.9467015 0.9400987 0.9339265 -9999
1.45209 1.462838 1.473756 1.484892 1.496304 1.508048 1.520175 1.532727 1.545731 1.559197 1.573112 1.587437 1.602106 1.617027 1.632077 1.647106 1.661937 1.676366 1.690169 1.7031 1.714899 1.725296 1.734015 1.740787 1.745357 1.747494 1.747002 1.743739 1.737622 1.728662 1.717735 1.704911 1.689727 1.671885 1.651244 1.627798 1.601661 1.573045 1.542237 1.509581 1.475459 1.440272 1.404431 1.368339 1.332387 1.296944 1.262353 1.228924 1.196934 1.166627 1.138204 1.111831 1.087633 1.065691 1.046047 1.0287 1.013605 1.000673 0.9896877 0.9798579 0.9709006 0.9626772 0.9550705 0.9479856 0.9413489 -9999
1.418613 1.42956 1.440773 1.452294 1.464171 1.476448 1.489165 1.502349 1.516017 1.530163 1.544766 1.559778 1.575125 1.59071 1.606408 1.622066 1.637509 1.652537 1.666929 1.68045 1.692847 1.703864 1.71324 1.720724 1.726077 1.729088 1.729581 1.72743 1.722566 1.715004 1.705652 1.694584 1.68131 1.6655 1.646971 1.625676 1.601685 1.575164 1.54636 1.515581 1.483175 1.449523 1.415016 1.380049 1.345008 1.310266 1.276172 1.24305 1.21119 1.180853 1.15226 1.125596 1.101006 1.078595 1.058426 1.040519 1.02485 1.011357 0.9998364 0.9894696 0.9799769 0.9712297 0.963117 0.9555464 0.9484433 -9999
1.382631 1.393764 1.405274 1.417196 1.429566 1.442419 1.455778 1.469657 1.484058 1.498963 1.514336 1.53012 1.546233 1.56257 1.579002 1.595374 1.611512 1.627217 1.642277 1.656459 1.669524 1.681227 1.691322 1.699573 1.70576 1.70969 1.711204 1.710189 1.706589 1.700425 1.692637 1.683304 1.671911 1.658095 1.641641 1.622461 1.600582 1.57613 1.549312 1.520403 1.489722 1.457623 1.424484 1.390685 1.356611 1.322633 1.289106 1.256362 1.224707 1.194415 1.165725 1.13884 1.113926 1.091106 1.070464 1.05204 1.035835 1.021802 1.009758 0.9988602 0.9888355 0.9795647 0.970944 0.9628847 0.9553132 0.9481694
1.344832 1.356135 1.367936 1.380262 1.393139 1.406587 1.420617 1.435227 1.450403 1.466114 1.48231 1.498923 1.51586 1.53301 1.550238 1.567387 1.584282 1.600727 1.616513 1.631417 1.645208 1.657652 1.668517 1.677583 1.684647 1.689529 1.692088 1.692225 1.68989 1.685112 1.678862 1.671229 1.661672 1.649803 1.63537 1.618251 1.598435 1.57601 1.551148 1.52409 1.495127 1.464592 1.432842 1.40025 1.367191 1.334036 1.301144 1.268854 1.237483 1.207317 1.178612 1.151585 1.126421 1.103262 1.08221 1.063324 1.046623 1.032081 1.019527 1.008109 0.9975583 0.9877669 0.9786384 0.9700887 0.962047 0.9544534
1.305875 1.31733 1.329409 1.342131 1.355511 1.369556 1.384262 1.399613 1.415581 1.432118 1.449162 1.466632 1.484426 1.502425 1.520487 1.538454 1.556149 1.573379 1.589937 1.605608 1.62017 1.633399 1.645077 1.654997 1.662969 1.66883 1.67245 1.673742 1.672666 1.669252 1.664508 1.658527 1.650752 1.640767 1.628291 1.613168 1.595354 1.574901 1.55195 1.52671 1.499448 1.470473 1.440127 1.408767 1.376765 1.344488 1.312296 1.280534 1.249526 1.21957 1.190933 1.163849 1.138517 1.115094 1.0937 1.07441 1.057261 1.042243 1.0292 1.017273 1.006205 0.9958987 0.9862645 0.9772248 0.968712 0.9606681
1.266382 1.277967 1.290304 1.303403 1.317268 1.331895 1.347264 1.363346 1.380097 1.397456 1.415347 1.433678 1.452337 1.471195 1.490108 1.508913 1.527432 1.545473 1.562834 1.579304 1.59467 1.608718 1.621241 1.632044 1.640949 1.647806 1.652496 1.654942 1.65511 1.653035 1.649755 1.645375 1.639318 1.631146 1.620552 1.607349 1.591463 1.572917 1.55182 1.528355 1.502763 1.475334 1.446391 1.416283 1.385369 1.354016 1.322582 1.291416 1.260848 1.231183 1.2027 1.175644 1.150226 1.126618 1.104954 1.085323 1.067776 1.052318 1.038806 1.026387 1.014814 1.004 0.9938645 0.9843366 0.9753534 0.9668592
1.226934 1.238626 1.251194 1.264642 1.278963 1.294139 1.310141 1.326924 1.344429 1.362583 1.381298 1.400469 1.419977 1.439686 1.459444 1.479087 1.498434 1.517297 1.535476 1.552765 1.568957 1.583847 1.597238 1.608943 1.618799 1.626663 1.632426 1.636019 1.637412 1.636645 1.634785 1.631947 1.627539 1.621102 1.612306 1.60094 1.5869 1.570184 1.550874 1.529127 1.505163 1.479252 1.451703 1.422851 1.393049 1.362656 1.33203 1.301521 1.271463 1.242167 1.213919 1.186973 1.161552 1.137837 1.115974 1.096066 1.078173 1.062314 1.048357 1.035464 1.023399 1.012087 1.001458 0.9914465 0.9819949 0.9730518
1.188065 1.199837 1.212605 1.226365 1.241101 1.256784 1.273372 1.290808 1.30902 1.327923 1.347417 1.367388 1.387709 1.408237 1.428816 1.449278 1.469444 1.489123 1.50812 1.526234 1.543262 1.559007 1.573279 1.585901 1.596717 1.605593 1.612427 1.617155 1.619754 1.620261 1.619774 1.618416 1.615582 1.610797 1.603711 1.59409 1.581807 1.566835 1.549233 1.529137 1.506748 1.482317 1.456139 1.428537 1.399855 1.370447 1.340669 1.310869 1.281382 1.252524 1.224586 1.19783 1.172483 1.148737 1.126747 1.106623 1.088437 1.072217 1.057841 1.044493 1.031954 1.020157 1.009043 0.9985546 0.9886393 0.9792501
1.150261 1.162085 1.175016 1.189045 1.204146 1.220281 1.237396 1.255422 1.274277 1.293865 1.314077 1.33479 1.355869 1.377167 1.398524 1.419771 1.440726 1.461203 1.481005 1.499936 1.5178 1.534403 1.549562 1.563106 1.574886 1.584773 1.592673 1.598523 1.602303 1.604051 1.604888 1.604946 1.603611 1.600392 1.594922 1.586948 1.576324 1.563003 1.547023 1.528501 1.50762 1.484618 1.459774 1.433403 1.405838 1.377428 1.348524 1.319473 1.29061 1.262251 1.234691 1.208195 1.182996 1.159291 1.13724 1.116963 1.098536 1.081994 1.067226 1.053446 1.04045 1.028185 1.016598 1.005641 0.9952688 0.9854386
